3.313143437836574834e-01
1.381061041905092164e-02
4.364571653173597854e-01
2.450398975573062632e+00
2.366297706013900659e-01
3.455602474929195256e-01
1.577034471497875123e-01
8.180763438732541193e-02
-9.943812084190518930e-02
-5.360570036684271338e-03
7.173713389194885659e-02
-7.770910812236545007e-02
-4.046055576020018973e-02
-1.822040395608601482e-01
-9.966933378458327220e-02
-1.918146476297256653e-01
-1.662313165021598593e-01
-9.753814555693075816e-02
-9.280646948468344870e-02
-1.563671908141289479e-01
-2.610268168978056580e-01
-2.105672972049881797e-01
3.319825485719193892e-02
1.474775750002199973e-02
2.913478788426578925e-01
1.705710004879172625e-01
-1.118038166119326299e-01
2.687229899979110548e-01
-6.567118170162324908e-01
2.671937427749680460e-01
1.773421621240409488e-02
-1.913027658403794184e-01
-4.423160990910239045e-03
7.854668022223271207e-01
-1.121460902539658799e-01
-5.649108460820837507e-01
-1.495275199015294321e-01
-1.232806673779080903e-01
1.793205237536115750e-03
-9.659104052899265824e-02
5.336880258585677272e-02
2.490400042620327936e-01
-2.108336342531862695e-01
-1.371296220193524706e-01
-1.195792438613494657e-01
-2.662763015491902419e-01
-2.950412404016889978e-01
1.614753846888563604e-01
9.065598365852822749e-02
6.215354375448955970e-02
1.694296273951808596e-01
2.162526613087792371e-02
-1.056133228409835839e-01
-6.284848710021934126e-02
1.676447908494074213e-01
-1.205491916716435602e-01
-2.801076204639025291e-01
8.652705723621806344e-02
2.498830358678597874e-01
-8.249393166547507386e-03
1.382467291957182459e-02
-2.873502944796885866e-02
-2.858879050720142256e-02
2.687965424083569102e-02
-2.416725016835429701e-02
-5.592992347271614345e-02
-7.605985890213153022e-02
-6.491034366833013658e-02
3.858446388513894071e-02
-7.349268702592570701e-02
-6.913401754428248613e-02
-5.393928745309720107e-02
-1.184130422669679196e-02
3.610510448071613948e-02
3.488218199149385051e-02
-8.387231919567604554e-02
-5.902693130255756357e-03
-2.729188999541400790e-02
-1.084493786845366209e-01
-2.399763205117598497e-02
-1.101452410689190628e-02
-6.418806054344419754e-02
6.811749614481972526e-02
5.927541824686803629e-02
4.951427830506512778e-02
1.837880352329103028e-03
-8.015739798296969351e-03
5.038151413137562790e-02
-3.676674808928050153e-02
-2.287087954380819313e-02
4.423663729187420068e-02
-1.749596422354548486e-01
-5.916804531628959418e-02
2.746145244554462975e-02
1.140677031537217986e-02
-3.736507304064280721e-02
-1.917954399672040615e-03
9.645654322370082745e-02
-7.905176686599395264e-02
-6.328115164499258094e-02
-1.000261046076522144e-02
-6.751741153595854084e-02
1.200281692827590285e-01
-8.076725846199417358e-02
-3.415062018003176686e-02
-5.779553255825514019e-02
