2.921445064216183773e-01
5.729249284363958916e-02
4.216820833827920056e-01
2.420803320831379501e+00
2.306069650832077989e-01
3.715394413356191139e-01
1.869478882600758840e-01
-3.872328996618375208e-02
-7.413531750181286128e-02
7.883147018584450716e-02
2.150817446464116725e-02
-1.262294021189712123e-01
-2.161184444640908489e-02
-1.443026214622202819e-01
-8.572717926766415530e-02
-1.853322541256978151e-01
-1.890518093955202705e-01
-1.019024143729584664e-01
-1.144552117530693303e-01
-9.533634348853914364e-02
-2.667372506069146110e-01
-1.455289157563632307e-01
7.732906524485461119e-02
5.645410900846811048e-02
3.152303120177860074e-01
2.687853711384062816e-01
-1.831693005571798372e-01
2.338930617669800482e-01
-5.826210664174691356e-01
2.092077750863143848e-01
2.186276010833311523e-02
-2.793080207068602272e-01
3.838126314067902972e-02
8.294315923059432105e-01
-9.910581635882238782e-02
-5.453018787925774102e-01
-1.708436424442017487e-01
-1.227638693110202767e-01
8.067682643424599689e-03
-3.746603034448582614e-02
-1.215786355300115668e-02
3.307622486497483472e-01
-2.250872929003682466e-01
-1.359904702451951441e-01
-3.393606987144966169e-02
-2.611930407473576077e-01
-3.017264568123932955e-01
1.791486518109355885e-01
1.180411075724645542e-01
5.116669725025865118e-02
9.336636902081736633e-02
-9.401423225990496180e-02
-9.013956743300170771e-02
-9.211004578664698517e-02
1.955456650044297418e-01
-1.078564205854684183e-01
-2.715196932639340477e-01
9.458972808861429438e-02
2.235209051818676795e-01
-5.618846498645366921e-02
2.275468038302689774e-02
-2.306884994937888692e-02
-1.608758938034413055e-02
2.780617555214244530e-02
-5.839150679282796227e-03
2.746967922159622433e-02
-1.578641296050648304e-02
-1.085913385474835124e-01
-2.033541956231894182e-02
-9.676866202856571064e-02
-4.523773146627675656e-02
-1.430176667677967965e-02
-1.161295931189444165e-02
7.036145811645080905e-02
2.102330495736733779e-02
4.824472340065718429e-03
-1.545975811880398454e-02
-4.068663233703613546e-02
-2.475490201719534045e-01
-3.241273622086261047e-02
6.913579969120890734e-02
-5.074753351204043528e-02
-5.434276029847956435e-02
4.071118536605590477e-02
2.766464604729491471e-03
4.934637896135920382e-02
-5.262971764977407430e-02
-5.596157709565600241e-02
6.956069277562269837e-02
-6.203599145750698235e-02
-7.552821765819045519e-02
-1.345827029873350178e-01
-7.353961304655172448e-02
3.262249780025299611e-02
-3.424615561410127712e-02
1.331845781542291898e-02
-3.288766754148202826e-02
8.602412906647731450e-02
-1.265174067311119754e-01
2.348557950873901568e-02
-7.368199611179185315e-02
-8.825581350134307709e-03
1.424959876361584221e-01
-7.195574799676806264e-03
-4.540806323475880119e-02
-4.063357661600162929e-02
