4.064738338085568947e-01
-1.327540168991065903e-02
3.827869414869884968e-01
3.934253675097521552e-01
2.565998347234715871e-01
4.057817356417054988e-01
1.033580783080852578e-01
5.827910965171195085e-02
-1.431026723585772549e-02
-1.333498339671462529e-01
2.415680070130142298e-01
5.035953074021677633e-02
2.781855286023242682e-02
-2.073988347200621946e-02
-1.417110752699598519e-01
-1.233551025786294580e-01
-1.535582946786821501e-01
-8.356122532062329467e-02
-5.930948285913009016e-02
-8.308862766815518219e-02
-1.002870743124174568e-01
-9.898882753411830659e-02
9.265802124063811374e-03
1.985402272361050380e-02
3.216893677354665804e-01
2.509835868635308387e-01
-2.395983227520999126e-01
3.017543704988749909e-01
-4.125833056553902811e-02
2.761221544580902409e-01
-1.079281658113660503e-01
-2.181663639793687270e-01
1.366333810459605634e-02
7.911192752121767313e-01
-7.514241547051746239e-02
-5.695020241906944003e-01
-1.326545177853516999e-01
-1.178652883709742638e-01
-1.541017488779024835e-01
-1.752732375609861865e-02
-3.221204458612944577e-02
3.871771944117795572e-01
-9.417878412632432750e-02
-1.563519268269669416e-01
-1.262606455066967726e-01
-2.745631062352585361e-01
-6.854719642857173834e-02
3.360633343338332857e-01
4.736824744940761056e-02
4.374640150464218641e-02
4.015953954909457640e-02
-3.724455411029050506e-02
-1.423533758805563265e-01
7.132505236852876296e-01
-3.363927794355389134e-01
-1.529602115892350067e-01
-4.063381701267436696e-01
-2.508518154480336437e-01
2.234096877293062222e-01
-4.632378359280078794e-02
1.591117714014006479e-02
-1.573344714888748053e-01
-5.254175119720440323e-02
1.501547415030267674e-01
5.645761843461606991e-03
2.488080015892377844e-02
1.050710850028123682e-03
-3.835406055032963141e-02
1.083200625761343051e-02
-3.979351082419277374e-02
-1.168788620227792854e-02
-3.627088901449709163e-02
2.962319537967871355e-02
2.799269730889295676e-02
2.236881465286447851e-02
4.113673770712295182e-03
-3.580322901817627884e-02
-2.474273794204187235e-02
-4.524886877828039090e-03
-1.323676785159567763e-02
3.801690048199639956e-03
-5.357293084208579297e-03
3.363544134190799700e-02
3.048670164920464290e-02
-1.785649310436010061e-03
2.394260127570610810e-02
-1.923508780035470406e-02
2.844579797437779556e-02
-1.517487903312460945e-02
-1.111802866818610153e-01
-2.273891957927079432e-02
-2.170548420120914715e-02
-2.608450022930025938e-02
1.713493181292906689e-02
-5.282261190836625049e-03
-2.175071123012495972e-02
-3.374105226599433127e-02
-2.367585774641165083e-04
-7.654097827650681828e-03
3.345048116184877462e-02
-1.335403634547257731e-02
-1.146281743120356432e-02
5.556066304049848276e-02
-2.510128925716686304e-02
1.094754163920447568e-02
9.882223337690936721e-03
