-1.345963318893510785e-01
3.968235368238410762e-03
-1.205694322097475291e-01
-1.245826790688407404e-01
-8.559663695516821214e-02
-1.261645699698713263e-01
-3.364207443403770953e-02
-1.713005992086641394e-02
1.398414211839048640e-03
5.094381449325782046e-02
-8.081228213554336737e-02
-2.033846994492868529e-02
-1.192269956274659079e-02
5.279095357624148319e-03
3.830825395960273105e-02
4.065106923604366873e-02
4.724458691910347896e-02
2.487254621949469557e-02
1.869020735088781915e-02
1.998743231184633984e-02
3.538908933995872641e-02
3.300810701627219373e-02
-5.649957115428327859e-04
-6.431078742167917195e-03
-9.987048813043243600e-02
-6.994677122901241106e-02
7.425182875831631835e-02
-1.017165617794162091e-01
1.112544302089832696e-02
-8.461642206979655412e-02
3.372713397694210996e-02
7.449282018062572397e-02
-7.928809841549424101e-03
-2.441589679942986757e-01
2.272327219585733998e-02
1.714880485877252891e-01
4.079688210546558724e-02
3.485664400122812784e-02
5.331921195018676785e-02
4.301141853987216525e-04
1.182591839274518136e-02
-1.218238581122496611e-01
3.197138248012770106e-02
4.755373747734439188e-02
3.591738333869735206e-02
8.684112086632916894e-02
1.393757223759217213e-02
-1.016363114993176497e-01
-1.592281865066109969e-02
-1.549613141781099913e-02
-1.793713690993805482e-02
1.622445223010754098e-02
3.833009454455858778e-02
-2.210170280858969050e-01
9.924539657652166336e-02
4.057244843740891171e-02
1.297116354682333050e-01
8.193415305563746254e-02
-6.594222601284507879e-02
1.377651011833710450e-02
-3.337275118221605039e-03
5.022355349725200063e-02
1.785821300727835279e-02
-4.879033156035427615e-02
-5.171144806940002579e-03
-5.827382494137063607e-03
-6.816565074718589946e-03
1.432531143497235010e-02
3.508024963447413207e-03
1.282112612944781398e-02
-2.217910877437734036e-03
1.230686305398836188e-02
-4.278312248395158869e-03
-2.109623895303114338e-03
-5.431419985059602294e-03
-3.292606302804473341e-03
1.475094346323524083e-02
2.110320192639846514e-03
5.409240190397967413e-03
1.977858871239746019e-03
-3.020140951660504024e-03
7.880260581382849240e-04
-9.537012750126895588e-03
-6.307171621316654681e-03
2.400034198040986821e-04
-4.684006759682354457e-03
1.614850755926119236e-02
-1.130489212568077002e-02
9.372646294802335423e-03
3.703061246656072503e-02
9.486123674105534365e-03
3.157020195604585879e-03
7.396517578718042260e-03
-1.007655116810737134e-02
2.529001492509507908e-03
-1.843284467227523536e-03
7.476703310879869065e-03
-5.562145821391343073e-03
5.211082589440364267e-03
-4.447121772155230440e-03
-6.648648672148336179e-03
5.166728182491375082e-03
-2.177826308596631649e-02
1.589788669738925742e-02
-3.058605903601890625e-03
-1.212568782990702652e-04
